Event Name,Start Date,End Date,Notes, 
name1,start_date_time1,end_date_time1,notes1, 
name2,start_date_time2,end_date_time2,notes2, 
name3,start_date_time3,end_date_time3,notes3, 
name3,start_date_time3,end_date_time3,notes3, 
name4,start_date_time4,end_date_time4,notes4, 
 , , , , 
 , , , , 
 , , , , 
 , , , , 
 , , , , 
 , , , , 
 , , , , 
 , , , , 
 , , , , 
 , , , , 
 , , , , 
 , , , , 
 , , , , 
 , , , , 
 , , , , 
 , , , , 
 , , , , 
 , , , , 
 , , , , 
 , , , , 
 , , , , 
 , , , , 
